1
11
12
16
18
19
20
21
23
24
26
27
28
31
32
33
35
36
41
42
43
45
46
47
51
54
55
58
59
60
61
62
64
68
70
71
72
73
74
76
77
78
81
82
83
84
85
86
90
92
95
96
97
98
101
102
103
105
106
107
108
110
113
119
120
121
122
123
124
126
128
130
131
134
139
140
141
142
143
144
146
147
148
149
150
153
154
155
157
158
159
160
161
163
164
165
166
170
171
173
174
175
177
201
202
203
204
205
207
208
209
211
215
216
217
219
220
221
222
223
224
225
228
233
236
242
244
245
246
257
269
271
284
289
301
308
316
325
345
348
360
370
376
383
389
391
394
398
408
409
416
419
420
421
432
434
445
447
456
467
468
470
471
479
482
485
486
492
498
500
501
503
512
514
517
521
526
535
537
540
541
543
544
549
550
551
552
558
559
560
561
564
572
575
582
600
601
605
608
610
611
619
621
623
624
640
641
645
646
651
652
653
654
657
675
677
689
690
696
697
699
706
708
710
711
729
730
752
754
767
768
769
770
773
774
775
779
781
782
785
786
790
791
792
804
805
807
808
811
815
816
829
830
831
833
834
844
847
848
849
851
852
854
863
871
873
876
885
887
890
901
902
903
910
913
914
921
932
935
940
946
955
956
957
959
961
964
969
972
974
981
986
1000
1001
1004
1013
1017
1019
1022
1026
1027
1028
1034
1041
1051
1056
1059
1074
1079
1081
1091
1093
1094
1097
1103
1107
1118
1120
1121
1128
1129
1142
1151
1152
1153
1154
1155
1156
1164
1167
1170
1173
1177
1188
1190
1197
1202
1210
1212
1213
1227
1228
1232
1237
1238
1240
1245
1249
1250
1251
1252
1254
1260
1268
1270
1279
1280
1286
1289
1292
1298
1300
1307
1312
1322
1329
1342
1354
1376
1400
1401
1404
1408
1424
1429
1430
1439
1441
1448
1450
1480
1493
1514
1524
1526
1533
1549
1561
1565
1570
1572
1591
1597
1600
1608
1636
1640
1642
1643
1653
1656
1658
1661
1666
1672
1676
1685
1688
1689
1695
1703
1717
1719
1720
1726
1727
1728
1735
1743
1745
1754
1755
1756
1777
1787
1831
1837
1840
1858
1872
1874
1881
1883
1900
1905
1906
1911
1929
1937
1938
1944
1946
1947
1951
1954
1965
1968
1974
1977
1980
1998
1999
2003
2005
2010
2017
2020
2021
2027
2038
2039
2040
2042
2043
2044
2048
2060
2062
2067
2081
2085
2097
2130
2131
2147
2148
2149
2150
2151
2153
2162
2165
2166
2183
2197
2198
2199
2225
2226
2232
2233
2235
2240
2242
2243
2253
2263
2264
2265
2267
2272
2274
2275
2276
2302
2306
2343
2344
2345
2346
2348
2349
2360
2373
2376
2388
2397
2400
2412
2413
2428
2429
2434
2441
2446
2447
2449
2456
2464
2465
2480
2488
2500
2517
2518
2526
2527
2529
2542
2562
2568
2587
2591
2607
2609
2610
2641
2667
2680
2681
2686
2688
2707
2715
2726
2759
2770
2775
2776
2777
2781
2786
2787
2788
2804
2808
2809
2810
2811
2814
2819
2825
2832
2833
2834
2852
2870
2874
2891
2892
2895
2944
2945
2948
2992
3011
3013
3023
3026
3031
3070
3074
3154
3155
3160
3176
3177
3178
3186
3188
3189
3190
3250
3251
3261
3283
3289
3294
3296
3327
3328
3330
3420
3435
3499
3526
3529
3533
3536
3543
3618
3674
3688
3691
3726
3735
3742
3743
3748
3755
3756
3760
3761
3776
3781
3790
3794
3796
3800
3804
3820
3825
3829
3836
3837
4014
4018
4028
4039
4047
4070
4078
4081
4093
4099
4217
4230
4239
4240
4276
4277
4301
4320
4341
4352
4357
4363
4368
4380
4391
4507
4517
4540
4558
4583
4602
4666
4693
4715
4723
4724
4737
4763
4776
4792
4908
4925
4926
4943
5001
5116
5131
5160
5164
5173
5186
5199
5200
5225
5228
5230
5267
5307
5321
5340
5342
5343
5347
5348
5402
5403
5428
5500
5615
5616
5637
5657
5658
5669
5670
5682
5683
5720
5740
5745
5827
5983
6043
6053
6081
6087
6130
6133
6150
6157
6168
6312
6317
6369
6373
6408
6409
6435
6456
6519
6605
6626
6684
6686
6695
6737
6753
6762
6763
6768
6782
6791
6798
6852
6867
6923
6932
7010
7025
7031
7097
7100
7118
7128
7145
7164
7166
7178
7188
7213
7370
7423
7439
7452
7464
7471
7477
7524
7700
7787
7838
7841
7849
7885
7986
8092
8102
8121
8147
8164
8166
8176
8178
8190
8209
8223
8387
8388
8395
8438
8446
8486
8492
8499
8578
8581
8597
8601
8642
8649
8710
8714
8775
8789
8795
8799
8800
8867
8905
8954
8997
9070
9104
9105
9182
9296
9304
9363
9371
9411
9603
9611
9622
9629
9662
9800
9830
9880
9909
10002
10007
10031
10096
10135
10148
10150
10339
10378
10471
10477
10554
10556
10577
10586
10607
10615
10616
10623
10643
10657
10676
10708
10732
10739
10741
10743
10748
10827
10897
10940
10947
10966
11000
11012
11027
11030
11052
11074
11128
11136
11224
11228
11231
11238
11310
11323
11339
11417
11438
11451
11505
11659
11666
11696
11703
11870
11937
11945
11962
12059
12060
12096
12186
12187
12228
12239
12242
12254
12257
12299
12341
12383
12384
12389
12439
12513
12577
12629
12642
12699
12732
12753
12758
12894
13007
13015
13065
13144
13172
13316
13334
13402
13409
13414
13415
13417
13437
13476
13505
13510
13610
13611
13612
13614
13620
13642
13650
13707
13726
13882
13918
13937
13940
14006
14020
14021
14033
14056
14070
14209
14244
14257
14264
14323
14328
14347
14417
14420
14474
14484
14522
14591
14636
14640
14664
14672
14726
14811
14916
14954
14969
14975
14976
14977
14988
15019
15041
15043
15076
15097
15143
15147
15210
15237
15238
15250
15272
15396
15399
15408
15456
15460
15489
15491
15492
15622
15663
15665
15679
15718
15772
15776
15784
15859
15868
15877
16042
16119
16247
16256
16269
16287
16317
16328
16338
16376
16389
16406
16436
16441
16452
16578
16605
16643
16653
16659
16713
16726
16751
16764
16769
16772
16807
16865
16878
16921
16927
16950
16966
17034
17093
17144
17147
17157
17192
17198
17208
17243
17289
17306
17314
17321
17350
17366
17396
17490
17502
17575
17594
17650
17695
17731
17748
17774
17797
17851
17860
17866
17957
17976
18136
18137
18190
18223
18247
18251
18269
18338
18362
18440
18442
18450
18458
18459
18464
18466
18477
18569
18668
18674
18857
18900
18947
18972
19002
19022
19033
19068
19090
19145
19188
19221
19229
19264
19322
19337
19445
19481
19499
19551
19553
19651
19719
19721
19726
19810
19860
19924
19926
19942
19993
19994
19998
20058
20151
20165
20195
20203
20239
20248
20288
20321
20386
20387
20411
20417
20480
20533
20590
20657
20717
20727
20728
20748
20763
20776
20781
20788
20796
20842
20846
20847
20848
20869
20898
20916
21051
21084
21200
21339
21530
21531
21566
21700
21724
21765
21816
21829
21839
21840
21873
21964
21970
22089
22107
22189
22239
22282
22373
22381
22456
22472
22535
22693
22754
22764
22814
22816
22893
22925
22994
23033
23042
23060
23319
23428
23495
23593
23639
23661
23666
23680
23684
23727
23770
23772
23893
23997
24022
24055
24104
24269
24440
24534
24564
24726
24737
24761
24811
24873
24878
24923
24950
24964
25012
25016
25020
25024
25063
25141
25172
25267
25282
25290
25305
25326
25344
25447
25509
25519
25550
25609
25717
25776
25929
25990
26073
26095
26113
26117
26163
26184
26323
26368
26558
26638
26654
26659
26740
26854
26998
27013
27083
27203
27250
27365
27458
27523
27647
27673
27681
27722
27726
27755
27761
27780
27805
27827
28026
28215
28255
28269
28289
28299
28346
28420
28488
28497
28520
28521
28522
28617
28698
28767
28885
28948
29021
29198
29220
29255
29345
29390
29405
29433
29558
29607
29635
29728
29756
29768
29809
29827
29848
29854
29903
29904
29907
30017
30120
30123
30142
30177
30201
30221
30241
30254
30255
30325
30344
30452
30577
30601
30624
30637
30723
30754
30755
30802
30971
30973
31168
31189
31377
31431
31469
31547
31591
31893
31963
31979
32026
32030
32032
32037
32154
32202
32242
32320
32472
32474
32488
32522
32530
32540
32571
32572
32706
32759
32803
32832
32950
33016
33391
33435
33447
33504
33511
33516
33525
33748
33837
33858
33870
33887
33922
34081
34114
34300
34325
34339
34414
34607
34632
34773
34815
34856
34901
34994
35123
35155
35173
35242
35451
35461
35688
35690
35877
35898
35977
35997
36020
36034
36098
36151
36238
36264
36287
36462
36542
37103
37106
37134
37381
37423
37841
37970
38067
38145
38193
38219
38280
38326
38404
38427
38594
38703
39064
39272
39293
39452
39509
39784
39827
39843
39850
39863
39955
40097
40175
40196
40284
40373
40426
40580
40623
40745
40868
41064
41085
41214
41395
41445
41481
41501
41537
41624
41637
42055
42078
42182
42183
42227
42238
42243
42290
42324
42474
42671
42704
42796
42988
43302
43383
43576
43936
43970
44024
44416
44747
44932
45109
45410
45502
45524
45620
45631
45755
45814
45839
45858
45988
46091
46333
46423
46787
46976
47935
48225
48320
48433
49525
49819
50040
50133
50290
50406
50566
50571
50585
50603
50682
50719
50736
50742
50774
50781
50783
50788
50820
50827
50828
50848
50852
50863
50874
50885
50902
50905
50906
50907
50909
50910
50914
50923
50928
50931
50935
50936
50938
50939
50945
50949
50950
50952
50953
50955
50956
50957
50958
50960
50961
50962
50963
50964
50966
50968
50969
50970
50971
50972
50973
50975
50976
50978
50982
50983
50985
50986
50988
50990
50991
50993
50994
50995
50998
50999
51000
51002
51003
51004
51010
51011
51015
51018
51021
51022
51024
51025
51026
51030
51031
51038
51039
51041
51042
51043
51048
51049
51053
51054
51055
51057
51058
51059
51060
51061
51062
51063
51065
51066
51067
51070
51072
51073
51075
51077
51078
51079
51080
51085
51086
51087
51092
51094
51095
51096
51097
51099
51100
51102
51103
51106
51107
51108
51109
51110
51113
51114
51115
51116
51117
51118
51122
51123
51125
51126
51127
51128
51131
51134
51135
51140
51141
51142
51143
51145
51150
51152
51154
51158
51160
51163
51164
51165
51166
51167
51169
51170
51174
51175
51176
51177
51181
51182
51184
51187
51188
51189
51191
51194
51195
51196
51197
51199
51200
51201
51203
51204
51206
51209
51210
51211
51213
51215
51216
51217
51218
51219
51222
51226
51228
51229
51233
51235